131 3000
132 3023
133 3046
134 3069
135 3092
136 3115
137 3138
138 3161
139 3184
140 3208
141 3231
142 3254
143 3277
144 3300
145 3323
146 3346
147 3369
148 3392
149 3415
150 3438
151 3461
152 3484
153 3508
154 3531
155 3554
156 3577
157 3600
158 3623
159 3646
160 3669
161 3692
162 3715
163 3738
164 3761
165 3784
166 3808
167 3831
168 3854
169 3877
170 3900
171 3923
172 3946
173 3969
174 3992
175 4015
176 4038
177 4061
178 4085
179 4108
180 4131
181 4154
182 4177
183 4200
184 4223
185 4246
186 4269
187 4292
188 4315
189 4338
190 4361
191 4385
192 4408
193 4431
194 4454
195 4477
196 4500
197 4523
198 4546
199 4569
200 4592
201 4615
202 4638
203 4662
204 4685
205 4708
206 4731
207 4754
208 4777
209 4800
210 4823
211 4846
212 4869
213 4892
214 4915
215 4938
216 4962
217 4985
218 5008
219 5031
220 5054
221 5077
222 5100
223 5123
224 5146
225 5169
226 5192
227 5215
228 5238
229 5262
230 5285
231 5308
232 5331
233 5354
234 5377
235 5400
236 5423
237 5446
238 5469
239 5492
240 5515
241 5539
242 5562
243 5585
244 5608
245 5631
246 5654
247 5677
248 5700
249 5723
250 5746
251 5769
252 5792
253 5815
254 5839
255 5862
256 5885
257 5908
258 5931
259 5954
260 5977
