115 3021
116 3048
117 3074
118 3101
119 3127
120 3153
121 3180
122 3206
123 3233
124 3259
125 3286
126 3312
127 3339
128 3365
129 3391
130 3418
131 3444
132 3471
133 3497
134 3524
135 3550
136 3577
137 3603
138 3629
139 3656
140 3682
141 3709
142 3735
143 3762
144 3788
145 3814
146 3841
147 3867
148 3894
149 3920
150 3947
151 3973
152 4000
153 4026
154 4052
155 4079
156 4105
157 4132
158 4158
159 4185
160 4211
161 4238
162 4264
163 4290
164 4317
165 4343
166 4370
167 4396
168 4423
169 4449
170 4475
171 4502
172 4528
173 4555
174 4581
175 4608
176 4634
177 4661
178 4687
179 4713
180 4740
181 4766
182 4793
183 4819
184 4846
185 4872
186 4898
187 4925
188 4951
189 4978
190 5004
191 5031
192 5057
193 5084
194 5110
195 5136
196 5163
197 5189
198 5216
199 5242
200 5269
201 5295
202 5322
203 5348
204 5374
205 5401
206 5427
207 5454
208 5480
209 5507
210 5533
211 5559
212 5586
213 5612
214 5639
215 5665
216 5692
217 5718
218 5745
219 5771
220 5797
221 5824
222 5850
223 5877
224 5903
225 5930
226 5956
227 5982
