117 3008
118 3035
119 3062
120 3089
121 3117
122 3144
123 3172
124 3199
125 3227
126 3255
127 3283
128 3312
129 3341
130 3370
131 3399
132 3429
133 3459
134 3490
135 3521
136 3552
137 3584
138 3616
139 3649
140 3682
141 3716
142 3751
143 3786
144 3821
145 3855
146 3889
147 3923
148 3956
149 3989
150 4022
151 4054
152 4087
153 4119
154 4152
155 4184
156 4216
157 4247
158 4279
159 4309
160 4340
161 4370
162 4400
163 4430
164 4459
165 4489
166 4518
167 4546
168 4575
169 4603
170 4631
171 4659
172 4686
173 4715
174 4743
175 4771
176 4800
177 4828
178 4855
179 4883
180 4910
181 4938
182 4965
183 4992
184 5019
185 5046
186 5073
187 5100
188 5127
189 5154
190 5180
191 5207
192 5233
193 5259
194 5285
195 5311
196 5337
197 5363
198 5389
199 5415
200 5441
201 5467
202 5492
203 5518
204 5544
205 5569
206 5595
207 5620
208 5646
209 5671
210 5696
211 5722
212 5747
213 5773
214 5798
215 5823
216 5848
217 5874
218 5899
219 5924
220 5949
221 5975
